29.2133000603963
29.2133061706551
29.2133044732584
29.2133039815058
29.2133025835866
29.2133028766506
29.2133031640355
29.2133031697145
29.2133038551305
29.2132361348022
29.2129123626295
29.2125870462178
29.2122631455712
29.2119401665251
29.2119341391377
29.2119344838195
29.2119344742807
29.2119356526883
29.2119349999943
29.2119353843184
29.2119346823405
29.2119326860011
29.21193338003
29.2119334928037
29.2119417173488
29.2119413837366
29.2119421781377
29.2119409790662
29.2119339931297
29.2119352938504
29.2119351065019
29.2119352969635
29.211939509033
29.2119397835467
29.2119394169602
29.2119478154963
29.2119528181459
29.2119471670967
29.211934280934
29.2119205440852
29.2119208736385
29.2119215854545
29.2119208078664
29.2119195843457