115.909124897214
115.90907620078
115.909069430946
115.909070028743
115.909070228891
115.909069730811
115.909068834438
115.90906923273
115.90906116674
115.908887561006
115.908037227978
115.907188420806
115.906343120527
115.905499826525
115.905429377209
115.905432163254
115.905431566201
115.905430172274
115.905433158007
115.905432162651
115.905432063611
115.905432363477
115.905431964973
115.905432760976
115.905358919564
115.905356830104
115.905331454904
115.905331555215
115.905288970476
115.905288969605
115.905289765792
115.905214339297
115.905158911593
115.905120004816
115.905122094668
115.904960395271
115.904842880346
115.904784377875
115.904410973304
115.904250400178
115.904252190818
115.904252886787
115.9042542802
115.904252888127